{
 "cells": [
  {
   "cell_type": "markdown",
   "id": "44678ce7",
   "metadata": {},
   "source": [
    "# Scipy를 활용한 상관분석\n",
    "Scipy패키지의 stats 서브패키지를 호출한 후 stats에서 제공하는 pearsonr함수를 사용"
   ]
  },
  {
   "cell_type": "code",
   "execution_count": 1,
   "id": "0e8c23fc",
   "metadata": {},
   "outputs": [],
   "source": [
    "import pandas as pd\n",
    "from sklearn.datasets import load_diabetes"
   ]
  },
  {
   "cell_type": "code",
   "execution_count": 9,
   "id": "d3456fb6",
   "metadata": {},
   "outputs": [],
   "source": [
    "dia=load_diabetes()"
   ]
  },
  {
   "cell_type": "code",
   "execution_count": 10,
   "id": "6a2243fd",
   "metadata": {},
   "outputs": [
    {
     "data": {
      "text/plain": [
       "{'data': array([[ 0.03807591,  0.05068012,  0.06169621, ..., -0.00259226,\n",
       "          0.01990842, -0.01764613],\n",
       "        [-0.00188202, -0.04464164, -0.05147406, ..., -0.03949338,\n",
       "         -0.06832974, -0.09220405],\n",
       "        [ 0.08529891,  0.05068012,  0.04445121, ..., -0.00259226,\n",
       "          0.00286377, -0.02593034],\n",
       "        ...,\n",
       "        [ 0.04170844,  0.05068012, -0.01590626, ..., -0.01107952,\n",
       "         -0.04687948,  0.01549073],\n",
       "        [-0.04547248, -0.04464164,  0.03906215, ...,  0.02655962,\n",
       "          0.04452837, -0.02593034],\n",
       "        [-0.04547248, -0.04464164, -0.0730303 , ..., -0.03949338,\n",
       "         -0.00421986,  0.00306441]]),\n",
       " 'target': array([151.,  75., 141., 206., 135.,  97., 138.,  63., 110., 310., 101.,\n",
       "         69., 179., 185., 118., 171., 166., 144.,  97., 168.,  68.,  49.,\n",
       "         68., 245., 184., 202., 137.,  85., 131., 283., 129.,  59., 341.,\n",
       "         87.,  65., 102., 265., 276., 252.,  90., 100.,  55.,  61.,  92.,\n",
       "        259.,  53., 190., 142.,  75., 142., 155., 225.,  59., 104., 182.,\n",
       "        128.,  52.,  37., 170., 170.,  61., 144.,  52., 128.,  71., 163.,\n",
       "        150.,  97., 160., 178.,  48., 270., 202., 111.,  85.,  42., 170.,\n",
       "        200., 252., 113., 143.,  51.,  52., 210.,  65., 141.,  55., 134.,\n",
       "         42., 111.,  98., 164.,  48.,  96.,  90., 162., 150., 279.,  92.,\n",
       "         83., 128., 102., 302., 198.,  95.,  53., 134., 144., 232.,  81.,\n",
       "        104.,  59., 246., 297., 258., 229., 275., 281., 179., 200., 200.,\n",
       "        173., 180.,  84., 121., 161.,  99., 109., 115., 268., 274., 158.,\n",
       "        107.,  83., 103., 272.,  85., 280., 336., 281., 118., 317., 235.,\n",
       "         60., 174., 259., 178., 128.,  96., 126., 288.,  88., 292.,  71.,\n",
       "        197., 186.,  25.,  84.,  96., 195.,  53., 217., 172., 131., 214.,\n",
       "         59.,  70., 220., 268., 152.,  47.,  74., 295., 101., 151., 127.,\n",
       "        237., 225.,  81., 151., 107.,  64., 138., 185., 265., 101., 137.,\n",
       "        143., 141.,  79., 292., 178.,  91., 116.,  86., 122.,  72., 129.,\n",
       "        142.,  90., 158.,  39., 196., 222., 277.,  99., 196., 202., 155.,\n",
       "         77., 191.,  70.,  73.,  49.,  65., 263., 248., 296., 214., 185.,\n",
       "         78.,  93., 252., 150.,  77., 208.,  77., 108., 160.,  53., 220.,\n",
       "        154., 259.,  90., 246., 124.,  67.,  72., 257., 262., 275., 177.,\n",
       "         71.,  47., 187., 125.,  78.,  51., 258., 215., 303., 243.,  91.,\n",
       "        150., 310., 153., 346.,  63.,  89.,  50.,  39., 103., 308., 116.,\n",
       "        145.,  74.,  45., 115., 264.,  87., 202., 127., 182., 241.,  66.,\n",
       "         94., 283.,  64., 102., 200., 265.,  94., 230., 181., 156., 233.,\n",
       "         60., 219.,  80.,  68., 332., 248.,  84., 200.,  55.,  85.,  89.,\n",
       "         31., 129.,  83., 275.,  65., 198., 236., 253., 124.,  44., 172.,\n",
       "        114., 142., 109., 180., 144., 163., 147.,  97., 220., 190., 109.,\n",
       "        191., 122., 230., 242., 248., 249., 192., 131., 237.,  78., 135.,\n",
       "        244., 199., 270., 164.,  72.,  96., 306.,  91., 214.,  95., 216.,\n",
       "        263., 178., 113., 200., 139., 139.,  88., 148.,  88., 243.,  71.,\n",
       "         77., 109., 272.,  60.,  54., 221.,  90., 311., 281., 182., 321.,\n",
       "         58., 262., 206., 233., 242., 123., 167.,  63., 197.,  71., 168.,\n",
       "        140., 217., 121., 235., 245.,  40.,  52., 104., 132.,  88.,  69.,\n",
       "        219.,  72., 201., 110.,  51., 277.,  63., 118.,  69., 273., 258.,\n",
       "         43., 198., 242., 232., 175.,  93., 168., 275., 293., 281.,  72.,\n",
       "        140., 189., 181., 209., 136., 261., 113., 131., 174., 257.,  55.,\n",
       "         84.,  42., 146., 212., 233.,  91., 111., 152., 120.,  67., 310.,\n",
       "         94., 183.,  66., 173.,  72.,  49.,  64.,  48., 178., 104., 132.,\n",
       "        220.,  57.]),\n",
       " 'frame': None,\n",
       " 'DESCR': '.. _diabetes_dataset:\\n\\nDiabetes dataset\\n----------------\\n\\nTen baseline variables, age, sex, body mass index, average blood\\npressure, and six blood serum measurements were obtained for each of n =\\n442 diabetes patients, as well as the response of interest, a\\nquantitative measure of disease progression one year after baseline.\\n\\n**Data Set Characteristics:**\\n\\n  :Number of Instances: 442\\n\\n  :Number of Attributes: First 10 columns are numeric predictive values\\n\\n  :Target: Column 11 is a quantitative measure of disease progression one year after baseline\\n\\n  :Attribute Information:\\n      - age     age in years\\n      - sex\\n      - bmi     body mass index\\n      - bp      average blood pressure\\n      - s1      tc, total serum cholesterol\\n      - s2      ldl, low-density lipoproteins\\n      - s3      hdl, high-density lipoproteins\\n      - s4      tch, total cholesterol / HDL\\n      - s5      ltg, possibly log of serum triglycerides level\\n      - s6      glu, blood sugar level\\n\\nNote: Each of these 10 feature variables have been mean centered and scaled by the standard deviation times `n_samples` (i.e. the sum of squares of each column totals 1).\\n\\nSource URL:\\nhttps://www4.stat.ncsu.edu/~boos/var.select/diabetes.html\\n\\nFor more information see:\\nBradley Efron, Trevor Hastie, Iain Johnstone and Robert Tibshirani (2004) \"Least Angle Regression,\" Annals of Statistics (with discussion), 407-499.\\n(https://web.stanford.edu/~hastie/Papers/LARS/LeastAngle_2002.pdf)',\n",
       " 'feature_names': ['age',\n",
       "  'sex',\n",
       "  'bmi',\n",
       "  'bp',\n",
       "  's1',\n",
       "  's2',\n",
       "  's3',\n",
       "  's4',\n",
       "  's5',\n",
       "  's6'],\n",
       " 'data_filename': 'diabetes_data.csv.gz',\n",
       " 'target_filename': 'diabetes_target.csv.gz',\n",
       " 'data_module': 'sklearn.datasets.data'}"
      ]
     },
     "execution_count": 10,
     "metadata": {},
     "output_type": "execute_result"
    }
   ],
   "source": [
    "dia"
   ]
  },
  {
   "cell_type": "code",
   "execution_count": 11,
   "id": "bc291aa6",
   "metadata": {},
   "outputs": [],
   "source": [
    "dia_data=pd.DataFrame(dia['data'],columns=dia['feature_names'])"
   ]
  },
  {
   "cell_type": "code",
   "execution_count": 13,
   "id": "569efe45",
   "metadata": {},
   "outputs": [],
   "source": [
    "dia_data['target']=dia['target']"
   ]
  },
  {
   "cell_type": "code",
   "execution_count": 14,
   "id": "ff4b31a0",
   "metadata": {},
   "outputs": [
    {
     "data": {
      "text/html": [
       "<div>\n",
       "<style scoped>\n",
       "    .dataframe tbody tr th:only-of-type {\n",
       "        vertical-align: middle;\n",
       "    }\n",
       "\n",
       "    .dataframe tbody tr th {\n",
       "        vertical-align: top;\n",
       "    }\n",
       "\n",
       "    .dataframe thead th {\n",
       "        text-align: right;\n",
       "    }\n",
       "</style>\n",
       "<table border=\"1\" class=\"dataframe\">\n",
       "  <thead>\n",
       "    <tr style=\"text-align: right;\">\n",
       "      <th></th>\n",
       "      <th>age</th>\n",
       "      <th>sex</th>\n",
       "      <th>bmi</th>\n",
       "      <th>bp</th>\n",
       "      <th>s1</th>\n",
       "      <th>s2</th>\n",
       "      <th>s3</th>\n",
       "      <th>s4</th>\n",
       "      <th>s5</th>\n",
       "      <th>s6</th>\n",
       "      <th>target</th>\n",
       "    </tr>\n",
       "  </thead>\n",
       "  <tbody>\n",
       "    <tr>\n",
       "      <th>0</th>\n",
       "      <td>0.038076</td>\n",
       "      <td>0.050680</td>\n",
       "      <td>0.061696</td>\n",
       "      <td>0.021872</td>\n",
       "      <td>-0.044223</td>\n",
       "      <td>-0.034821</td>\n",
       "      <td>-0.043401</td>\n",
       "      <td>-0.002592</td>\n",
       "      <td>0.019908</td>\n",
       "      <td>-0.017646</td>\n",
       "      <td>151.0</td>\n",
       "    </tr>\n",
       "    <tr>\n",
       "      <th>1</th>\n",
       "      <td>-0.001882</td>\n",
       "      <td>-0.044642</td>\n",
       "      <td>-0.051474</td>\n",
       "      <td>-0.026328</td>\n",
       "      <td>-0.008449</td>\n",
       "      <td>-0.019163</td>\n",
       "      <td>0.074412</td>\n",
       "      <td>-0.039493</td>\n",
       "      <td>-0.068330</td>\n",
       "      <td>-0.092204</td>\n",
       "      <td>75.0</td>\n",
       "    </tr>\n",
       "    <tr>\n",
       "      <th>2</th>\n",
       "      <td>0.085299</td>\n",
       "      <td>0.050680</td>\n",
       "      <td>0.044451</td>\n",
       "      <td>-0.005671</td>\n",
       "      <td>-0.045599</td>\n",
       "      <td>-0.034194</td>\n",
       "      <td>-0.032356</td>\n",
       "      <td>-0.002592</td>\n",
       "      <td>0.002864</td>\n",
       "      <td>-0.025930</td>\n",
       "      <td>141.0</td>\n",
       "    </tr>\n",
       "    <tr>\n",
       "      <th>3</th>\n",
       "      <td>-0.089063</td>\n",
       "      <td>-0.044642</td>\n",
       "      <td>-0.011595</td>\n",
       "      <td>-0.036656</td>\n",
       "      <td>0.012191</td>\n",
       "      <td>0.024991</td>\n",
       "      <td>-0.036038</td>\n",
       "      <td>0.034309</td>\n",
       "      <td>0.022692</td>\n",
       "      <td>-0.009362</td>\n",
       "      <td>206.0</td>\n",
       "    </tr>\n",
       "    <tr>\n",
       "      <th>4</th>\n",
       "      <td>0.005383</td>\n",
       "      <td>-0.044642</td>\n",
       "      <td>-0.036385</td>\n",
       "      <td>0.021872</td>\n",
       "      <td>0.003935</td>\n",
       "      <td>0.015596</td>\n",
       "      <td>0.008142</td>\n",
       "      <td>-0.002592</td>\n",
       "      <td>-0.031991</td>\n",
       "      <td>-0.046641</td>\n",
       "      <td>135.0</td>\n",
       "    </tr>\n",
       "    <tr>\n",
       "      <th>...</th>\n",
       "      <td>...</td>\n",
       "      <td>...</td>\n",
       "      <td>...</td>\n",
       "      <td>...</td>\n",
       "      <td>...</td>\n",
       "      <td>...</td>\n",
       "      <td>...</td>\n",
       "      <td>...</td>\n",
       "      <td>...</td>\n",
       "      <td>...</td>\n",
       "      <td>...</td>\n",
       "    </tr>\n",
       "    <tr>\n",
       "      <th>437</th>\n",
       "      <td>0.041708</td>\n",
       "      <td>0.050680</td>\n",
       "      <td>0.019662</td>\n",
       "      <td>0.059744</td>\n",
       "      <td>-0.005697</td>\n",
       "      <td>-0.002566</td>\n",
       "      <td>-0.028674</td>\n",
       "      <td>-0.002592</td>\n",
       "      <td>0.031193</td>\n",
       "      <td>0.007207</td>\n",
       "      <td>178.0</td>\n",
       "    </tr>\n",
       "    <tr>\n",
       "      <th>438</th>\n",
       "      <td>-0.005515</td>\n",
       "      <td>0.050680</td>\n",
       "      <td>-0.015906</td>\n",
       "      <td>-0.067642</td>\n",
       "      <td>0.049341</td>\n",
       "      <td>0.079165</td>\n",
       "      <td>-0.028674</td>\n",
       "      <td>0.034309</td>\n",
       "      <td>-0.018118</td>\n",
       "      <td>0.044485</td>\n",
       "      <td>104.0</td>\n",
       "    </tr>\n",
       "    <tr>\n",
       "      <th>439</th>\n",
       "      <td>0.041708</td>\n",
       "      <td>0.050680</td>\n",
       "      <td>-0.015906</td>\n",
       "      <td>0.017282</td>\n",
       "      <td>-0.037344</td>\n",
       "      <td>-0.013840</td>\n",
       "      <td>-0.024993</td>\n",
       "      <td>-0.011080</td>\n",
       "      <td>-0.046879</td>\n",
       "      <td>0.015491</td>\n",
       "      <td>132.0</td>\n",
       "    </tr>\n",
       "    <tr>\n",
       "      <th>440</th>\n",
       "      <td>-0.045472</td>\n",
       "      <td>-0.044642</td>\n",
       "      <td>0.039062</td>\n",
       "      <td>0.001215</td>\n",
       "      <td>0.016318</td>\n",
       "      <td>0.015283</td>\n",
       "      <td>-0.028674</td>\n",
       "      <td>0.026560</td>\n",
       "      <td>0.044528</td>\n",
       "      <td>-0.025930</td>\n",
       "      <td>220.0</td>\n",
       "    </tr>\n",
       "    <tr>\n",
       "      <th>441</th>\n",
       "      <td>-0.045472</td>\n",
       "      <td>-0.044642</td>\n",
       "      <td>-0.073030</td>\n",
       "      <td>-0.081414</td>\n",
       "      <td>0.083740</td>\n",
       "      <td>0.027809</td>\n",
       "      <td>0.173816</td>\n",
       "      <td>-0.039493</td>\n",
       "      <td>-0.004220</td>\n",
       "      <td>0.003064</td>\n",
       "      <td>57.0</td>\n",
       "    </tr>\n",
       "  </tbody>\n",
       "</table>\n",
       "<p>442 rows × 11 columns</p>\n",
       "</div>"
      ],
      "text/plain": [
       "          age       sex       bmi        bp        s1        s2        s3  \\\n",
       "0    0.038076  0.050680  0.061696  0.021872 -0.044223 -0.034821 -0.043401   \n",
       "1   -0.001882 -0.044642 -0.051474 -0.026328 -0.008449 -0.019163  0.074412   \n",
       "2    0.085299  0.050680  0.044451 -0.005671 -0.045599 -0.034194 -0.032356   \n",
       "3   -0.089063 -0.044642 -0.011595 -0.036656  0.012191  0.024991 -0.036038   \n",
       "4    0.005383 -0.044642 -0.036385  0.021872  0.003935  0.015596  0.008142   \n",
       "..        ...       ...       ...       ...       ...       ...       ...   \n",
       "437  0.041708  0.050680  0.019662  0.059744 -0.005697 -0.002566 -0.028674   \n",
       "438 -0.005515  0.050680 -0.015906 -0.067642  0.049341  0.079165 -0.028674   \n",
       "439  0.041708  0.050680 -0.015906  0.017282 -0.037344 -0.013840 -0.024993   \n",
       "440 -0.045472 -0.044642  0.039062  0.001215  0.016318  0.015283 -0.028674   \n",
       "441 -0.045472 -0.044642 -0.073030 -0.081414  0.083740  0.027809  0.173816   \n",
       "\n",
       "           s4        s5        s6  target  \n",
       "0   -0.002592  0.019908 -0.017646   151.0  \n",
       "1   -0.039493 -0.068330 -0.092204    75.0  \n",
       "2   -0.002592  0.002864 -0.025930   141.0  \n",
       "3    0.034309  0.022692 -0.009362   206.0  \n",
       "4   -0.002592 -0.031991 -0.046641   135.0  \n",
       "..        ...       ...       ...     ...  \n",
       "437 -0.002592  0.031193  0.007207   178.0  \n",
       "438  0.034309 -0.018118  0.044485   104.0  \n",
       "439 -0.011080 -0.046879  0.015491   132.0  \n",
       "440  0.026560  0.044528 -0.025930   220.0  \n",
       "441 -0.039493 -0.004220  0.003064    57.0  \n",
       "\n",
       "[442 rows x 11 columns]"
      ]
     },
     "execution_count": 14,
     "metadata": {},
     "output_type": "execute_result"
    }
   ],
   "source": [
    "dia_data"
   ]
  },
  {
   "cell_type": "markdown",
   "id": "9ef558b8",
   "metadata": {},
   "source": [
    "## 피어슨 상관계수(연속형 변수 간의 상관분석)"
   ]
  },
  {
   "cell_type": "markdown",
   "id": "e881218d",
   "metadata": {},
   "source": [
    "나이와 타겟값의 상관계수 0.18로 낮지만, p_value가 0.05보다 매우작아 두 컬럼 간의 차이가 유의하다고 할 수 있음."
   ]
  },
  {
   "cell_type": "code",
   "execution_count": 16,
   "id": "32b495a1",
   "metadata": {},
   "outputs": [
    {
     "data": {
      "text/plain": [
       "(0.1878887507189198, 7.055686149112759e-05)"
      ]
     },
     "execution_count": 16,
     "metadata": {},
     "output_type": "execute_result"
    }
   ],
   "source": [
    "from scipy.stats import pearsonr\n",
    "pearsonr(dia_data['age'],dia_data['target'])"
   ]
  },
  {
   "cell_type": "markdown",
   "id": "1fffce6d",
   "metadata": {},
   "source": [
    "타겟 컬럼과 가장 상관관계가 높은 컬럼은 bmi, 가장 상관관계가 낮은 컬럼은 sex로 확인"
   ]
  },
  {
   "cell_type": "code",
   "execution_count": 17,
   "id": "5960cc39",
   "metadata": {},
   "outputs": [
    {
     "data": {
      "text/html": [
       "<div>\n",
       "<style scoped>\n",
       "    .dataframe tbody tr th:only-of-type {\n",
       "        vertical-align: middle;\n",
       "    }\n",
       "\n",
       "    .dataframe tbody tr th {\n",
       "        vertical-align: top;\n",
       "    }\n",
       "\n",
       "    .dataframe thead th {\n",
       "        text-align: right;\n",
       "    }\n",
       "</style>\n",
       "<table border=\"1\" class=\"dataframe\">\n",
       "  <thead>\n",
       "    <tr style=\"text-align: right;\">\n",
       "      <th></th>\n",
       "      <th>age</th>\n",
       "      <th>sex</th>\n",
       "      <th>bmi</th>\n",
       "      <th>bp</th>\n",
       "      <th>s1</th>\n",
       "      <th>s2</th>\n",
       "      <th>s3</th>\n",
       "      <th>s4</th>\n",
       "      <th>s5</th>\n",
       "      <th>s6</th>\n",
       "      <th>target</th>\n",
       "    </tr>\n",
       "  </thead>\n",
       "  <tbody>\n",
       "    <tr>\n",
       "      <th>age</th>\n",
       "      <td>1.000000</td>\n",
       "      <td>0.173737</td>\n",
       "      <td>0.185085</td>\n",
       "      <td>0.335427</td>\n",
       "      <td>0.260061</td>\n",
       "      <td>0.219243</td>\n",
       "      <td>-0.075181</td>\n",
       "      <td>0.203841</td>\n",
       "      <td>0.270777</td>\n",
       "      <td>0.301731</td>\n",
       "      <td>0.187889</td>\n",
       "    </tr>\n",
       "    <tr>\n",
       "      <th>sex</th>\n",
       "      <td>0.173737</td>\n",
       "      <td>1.000000</td>\n",
       "      <td>0.088161</td>\n",
       "      <td>0.241013</td>\n",
       "      <td>0.035277</td>\n",
       "      <td>0.142637</td>\n",
       "      <td>-0.379090</td>\n",
       "      <td>0.332115</td>\n",
       "      <td>0.149918</td>\n",
       "      <td>0.208133</td>\n",
       "      <td>0.043062</td>\n",
       "    </tr>\n",
       "    <tr>\n",
       "      <th>bmi</th>\n",
       "      <td>0.185085</td>\n",
       "      <td>0.088161</td>\n",
       "      <td>1.000000</td>\n",
       "      <td>0.395415</td>\n",
       "      <td>0.249777</td>\n",
       "      <td>0.261170</td>\n",
       "      <td>-0.366811</td>\n",
       "      <td>0.413807</td>\n",
       "      <td>0.446159</td>\n",
       "      <td>0.388680</td>\n",
       "      <td>0.586450</td>\n",
       "    </tr>\n",
       "    <tr>\n",
       "      <th>bp</th>\n",
       "      <td>0.335427</td>\n",
       "      <td>0.241013</td>\n",
       "      <td>0.395415</td>\n",
       "      <td>1.000000</td>\n",
       "      <td>0.242470</td>\n",
       "      <td>0.185558</td>\n",
       "      <td>-0.178761</td>\n",
       "      <td>0.257653</td>\n",
       "      <td>0.393478</td>\n",
       "      <td>0.390429</td>\n",
       "      <td>0.441484</td>\n",
       "    </tr>\n",
       "    <tr>\n",
       "      <th>s1</th>\n",
       "      <td>0.260061</td>\n",
       "      <td>0.035277</td>\n",
       "      <td>0.249777</td>\n",
       "      <td>0.242470</td>\n",
       "      <td>1.000000</td>\n",
       "      <td>0.896663</td>\n",
       "      <td>0.051519</td>\n",
       "      <td>0.542207</td>\n",
       "      <td>0.515501</td>\n",
       "      <td>0.325717</td>\n",
       "      <td>0.212022</td>\n",
       "    </tr>\n",
       "    <tr>\n",
       "      <th>s2</th>\n",
       "      <td>0.219243</td>\n",
       "      <td>0.142637</td>\n",
       "      <td>0.261170</td>\n",
       "      <td>0.185558</td>\n",
       "      <td>0.896663</td>\n",
       "      <td>1.000000</td>\n",
       "      <td>-0.196455</td>\n",
       "      <td>0.659817</td>\n",
       "      <td>0.318353</td>\n",
       "      <td>0.290600</td>\n",
       "      <td>0.174054</td>\n",
       "    </tr>\n",
       "    <tr>\n",
       "      <th>s3</th>\n",
       "      <td>-0.075181</td>\n",
       "      <td>-0.379090</td>\n",
       "      <td>-0.366811</td>\n",
       "      <td>-0.178761</td>\n",
       "      <td>0.051519</td>\n",
       "      <td>-0.196455</td>\n",
       "      <td>1.000000</td>\n",
       "      <td>-0.738493</td>\n",
       "      <td>-0.398577</td>\n",
       "      <td>-0.273697</td>\n",
       "      <td>-0.394789</td>\n",
       "    </tr>\n",
       "    <tr>\n",
       "      <th>s4</th>\n",
       "      <td>0.203841</td>\n",
       "      <td>0.332115</td>\n",
       "      <td>0.413807</td>\n",
       "      <td>0.257653</td>\n",
       "      <td>0.542207</td>\n",
       "      <td>0.659817</td>\n",
       "      <td>-0.738493</td>\n",
       "      <td>1.000000</td>\n",
       "      <td>0.617857</td>\n",
       "      <td>0.417212</td>\n",
       "      <td>0.430453</td>\n",
       "    </tr>\n",
       "    <tr>\n",
       "      <th>s5</th>\n",
       "      <td>0.270777</td>\n",
       "      <td>0.149918</td>\n",
       "      <td>0.446159</td>\n",
       "      <td>0.393478</td>\n",
       "      <td>0.515501</td>\n",
       "      <td>0.318353</td>\n",
       "      <td>-0.398577</td>\n",
       "      <td>0.617857</td>\n",
       "      <td>1.000000</td>\n",
       "      <td>0.464670</td>\n",
       "      <td>0.565883</td>\n",
       "    </tr>\n",
       "    <tr>\n",
       "      <th>s6</th>\n",
       "      <td>0.301731</td>\n",
       "      <td>0.208133</td>\n",
       "      <td>0.388680</td>\n",
       "      <td>0.390429</td>\n",
       "      <td>0.325717</td>\n",
       "      <td>0.290600</td>\n",
       "      <td>-0.273697</td>\n",
       "      <td>0.417212</td>\n",
       "      <td>0.464670</td>\n",
       "      <td>1.000000</td>\n",
       "      <td>0.382483</td>\n",
       "    </tr>\n",
       "    <tr>\n",
       "      <th>target</th>\n",
       "      <td>0.187889</td>\n",
       "      <td>0.043062</td>\n",
       "      <td>0.586450</td>\n",
       "      <td>0.441484</td>\n",
       "      <td>0.212022</td>\n",
       "      <td>0.174054</td>\n",
       "      <td>-0.394789</td>\n",
       "      <td>0.430453</td>\n",
       "      <td>0.565883</td>\n",
       "      <td>0.382483</td>\n",
       "      <td>1.000000</td>\n",
       "    </tr>\n",
       "  </tbody>\n",
       "</table>\n",
       "</div>"
      ],
      "text/plain": [
       "             age       sex       bmi        bp        s1        s2        s3  \\\n",
       "age     1.000000  0.173737  0.185085  0.335427  0.260061  0.219243 -0.075181   \n",
       "sex     0.173737  1.000000  0.088161  0.241013  0.035277  0.142637 -0.379090   \n",
       "bmi     0.185085  0.088161  1.000000  0.395415  0.249777  0.261170 -0.366811   \n",
       "bp      0.335427  0.241013  0.395415  1.000000  0.242470  0.185558 -0.178761   \n",
       "s1      0.260061  0.035277  0.249777  0.242470  1.000000  0.896663  0.051519   \n",
       "s2      0.219243  0.142637  0.261170  0.185558  0.896663  1.000000 -0.196455   \n",
       "s3     -0.075181 -0.379090 -0.366811 -0.178761  0.051519 -0.196455  1.000000   \n",
       "s4      0.203841  0.332115  0.413807  0.257653  0.542207  0.659817 -0.738493   \n",
       "s5      0.270777  0.149918  0.446159  0.393478  0.515501  0.318353 -0.398577   \n",
       "s6      0.301731  0.208133  0.388680  0.390429  0.325717  0.290600 -0.273697   \n",
       "target  0.187889  0.043062  0.586450  0.441484  0.212022  0.174054 -0.394789   \n",
       "\n",
       "              s4        s5        s6    target  \n",
       "age     0.203841  0.270777  0.301731  0.187889  \n",
       "sex     0.332115  0.149918  0.208133  0.043062  \n",
       "bmi     0.413807  0.446159  0.388680  0.586450  \n",
       "bp      0.257653  0.393478  0.390429  0.441484  \n",
       "s1      0.542207  0.515501  0.325717  0.212022  \n",
       "s2      0.659817  0.318353  0.290600  0.174054  \n",
       "s3     -0.738493 -0.398577 -0.273697 -0.394789  \n",
       "s4      1.000000  0.617857  0.417212  0.430453  \n",
       "s5      0.617857  1.000000  0.464670  0.565883  \n",
       "s6      0.417212  0.464670  1.000000  0.382483  \n",
       "target  0.430453  0.565883  0.382483  1.000000  "
      ]
     },
     "execution_count": 17,
     "metadata": {},
     "output_type": "execute_result"
    }
   ],
   "source": [
    "dia_data.corr()"
   ]
  },
  {
   "cell_type": "markdown",
   "id": "ae83783a",
   "metadata": {},
   "source": [
    "## 스피어만 상관계수(주로 범주형이 포함된 변수 간의 상관분석)"
   ]
  },
  {
   "cell_type": "markdown",
   "id": "40b156e2",
   "metadata": {},
   "source": [
    "성별과 타겟값의 상관계수는 0.03으로 낮으며, p_value가 0.4이므로 두 컬럼 간의 차이는 유의하지 않다고 할 수 있음"
   ]
  },
  {
   "cell_type": "code",
   "execution_count": 18,
   "id": "9bcc692b",
   "metadata": {},
   "outputs": [
    {
     "data": {
      "text/plain": [
       "SpearmanrResult(correlation=0.03740081502886254, pvalue=0.4328318674689041)"
      ]
     },
     "execution_count": 18,
     "metadata": {},
     "output_type": "execute_result"
    }
   ],
   "source": [
    "from scipy.stats import spearmanr\n",
    "spearmanr(dia_data['sex'],dia_data['target'])"
   ]
  },
  {
   "cell_type": "code",
   "execution_count": 19,
   "id": "5d03529a",
   "metadata": {},
   "outputs": [
    {
     "data": {
      "text/html": [
       "<div>\n",
       "<style scoped>\n",
       "    .dataframe tbody tr th:only-of-type {\n",
       "        vertical-align: middle;\n",
       "    }\n",
       "\n",
       "    .dataframe tbody tr th {\n",
       "        vertical-align: top;\n",
       "    }\n",
       "\n",
       "    .dataframe thead th {\n",
       "        text-align: right;\n",
       "    }\n",
       "</style>\n",
       "<table border=\"1\" class=\"dataframe\">\n",
       "  <thead>\n",
       "    <tr style=\"text-align: right;\">\n",
       "      <th></th>\n",
       "      <th>age</th>\n",
       "      <th>sex</th>\n",
       "      <th>bmi</th>\n",
       "      <th>bp</th>\n",
       "      <th>s1</th>\n",
       "      <th>s2</th>\n",
       "      <th>s3</th>\n",
       "      <th>s4</th>\n",
       "      <th>s5</th>\n",
       "      <th>s6</th>\n",
       "      <th>target</th>\n",
       "    </tr>\n",
       "  </thead>\n",
       "  <tbody>\n",
       "    <tr>\n",
       "      <th>age</th>\n",
       "      <td>1.000000</td>\n",
       "      <td>0.177463</td>\n",
       "      <td>0.200554</td>\n",
       "      <td>0.350859</td>\n",
       "      <td>0.262524</td>\n",
       "      <td>0.221711</td>\n",
       "      <td>-0.106973</td>\n",
       "      <td>0.221017</td>\n",
       "      <td>0.265176</td>\n",
       "      <td>0.296235</td>\n",
       "      <td>0.197822</td>\n",
       "    </tr>\n",
       "    <tr>\n",
       "      <th>sex</th>\n",
       "      <td>0.177463</td>\n",
       "      <td>1.000000</td>\n",
       "      <td>0.098079</td>\n",
       "      <td>0.261508</td>\n",
       "      <td>0.027790</td>\n",
       "      <td>0.134695</td>\n",
       "      <td>-0.394584</td>\n",
       "      <td>0.337524</td>\n",
       "      <td>0.174625</td>\n",
       "      <td>0.203277</td>\n",
       "      <td>0.037401</td>\n",
       "    </tr>\n",
       "    <tr>\n",
       "      <th>bmi</th>\n",
       "      <td>0.200554</td>\n",
       "      <td>0.098079</td>\n",
       "      <td>1.000000</td>\n",
       "      <td>0.397985</td>\n",
       "      <td>0.287829</td>\n",
       "      <td>0.295494</td>\n",
       "      <td>-0.371172</td>\n",
       "      <td>0.459068</td>\n",
       "      <td>0.491609</td>\n",
       "      <td>0.384664</td>\n",
       "      <td>0.561382</td>\n",
       "    </tr>\n",
       "    <tr>\n",
       "      <th>bp</th>\n",
       "      <td>0.350859</td>\n",
       "      <td>0.261508</td>\n",
       "      <td>0.397985</td>\n",
       "      <td>1.000000</td>\n",
       "      <td>0.275224</td>\n",
       "      <td>0.205638</td>\n",
       "      <td>-0.191033</td>\n",
       "      <td>0.280799</td>\n",
       "      <td>0.396071</td>\n",
       "      <td>0.381219</td>\n",
       "      <td>0.416241</td>\n",
       "    </tr>\n",
       "    <tr>\n",
       "      <th>s1</th>\n",
       "      <td>0.262524</td>\n",
       "      <td>0.027790</td>\n",
       "      <td>0.287829</td>\n",
       "      <td>0.275224</td>\n",
       "      <td>1.000000</td>\n",
       "      <td>0.878793</td>\n",
       "      <td>0.015308</td>\n",
       "      <td>0.520674</td>\n",
       "      <td>0.512864</td>\n",
       "      <td>0.332173</td>\n",
       "      <td>0.232429</td>\n",
       "    </tr>\n",
       "    <tr>\n",
       "      <th>s2</th>\n",
       "      <td>0.221711</td>\n",
       "      <td>0.134695</td>\n",
       "      <td>0.295494</td>\n",
       "      <td>0.205638</td>\n",
       "      <td>0.878793</td>\n",
       "      <td>1.000000</td>\n",
       "      <td>-0.197435</td>\n",
       "      <td>0.652283</td>\n",
       "      <td>0.349947</td>\n",
       "      <td>0.286483</td>\n",
       "      <td>0.195834</td>\n",
       "    </tr>\n",
       "    <tr>\n",
       "      <th>s3</th>\n",
       "      <td>-0.106973</td>\n",
       "      <td>-0.394584</td>\n",
       "      <td>-0.371172</td>\n",
       "      <td>-0.191033</td>\n",
       "      <td>0.015308</td>\n",
       "      <td>-0.197435</td>\n",
       "      <td>1.000000</td>\n",
       "      <td>-0.789694</td>\n",
       "      <td>-0.450420</td>\n",
       "      <td>-0.290863</td>\n",
       "      <td>-0.410022</td>\n",
       "    </tr>\n",
       "    <tr>\n",
       "      <th>s4</th>\n",
       "      <td>0.221017</td>\n",
       "      <td>0.337524</td>\n",
       "      <td>0.459068</td>\n",
       "      <td>0.280799</td>\n",
       "      <td>0.520674</td>\n",
       "      <td>0.652283</td>\n",
       "      <td>-0.789694</td>\n",
       "      <td>1.000000</td>\n",
       "      <td>0.640390</td>\n",
       "      <td>0.413700</td>\n",
       "      <td>0.448931</td>\n",
       "    </tr>\n",
       "    <tr>\n",
       "      <th>s5</th>\n",
       "      <td>0.265176</td>\n",
       "      <td>0.174625</td>\n",
       "      <td>0.491609</td>\n",
       "      <td>0.396071</td>\n",
       "      <td>0.512864</td>\n",
       "      <td>0.349947</td>\n",
       "      <td>-0.450420</td>\n",
       "      <td>0.640390</td>\n",
       "      <td>1.000000</td>\n",
       "      <td>0.453023</td>\n",
       "      <td>0.589416</td>\n",
       "    </tr>\n",
       "    <tr>\n",
       "      <th>s6</th>\n",
       "      <td>0.296235</td>\n",
       "      <td>0.203277</td>\n",
       "      <td>0.384664</td>\n",
       "      <td>0.381219</td>\n",
       "      <td>0.332173</td>\n",
       "      <td>0.286483</td>\n",
       "      <td>-0.290863</td>\n",
       "      <td>0.413700</td>\n",
       "      <td>0.453023</td>\n",
       "      <td>1.000000</td>\n",
       "      <td>0.350792</td>\n",
       "    </tr>\n",
       "    <tr>\n",
       "      <th>target</th>\n",
       "      <td>0.197822</td>\n",
       "      <td>0.037401</td>\n",
       "      <td>0.561382</td>\n",
       "      <td>0.416241</td>\n",
       "      <td>0.232429</td>\n",
       "      <td>0.195834</td>\n",
       "      <td>-0.410022</td>\n",
       "      <td>0.448931</td>\n",
       "      <td>0.589416</td>\n",
       "      <td>0.350792</td>\n",
       "      <td>1.000000</td>\n",
       "    </tr>\n",
       "  </tbody>\n",
       "</table>\n",
       "</div>"
      ],
      "text/plain": [
       "             age       sex       bmi        bp        s1        s2        s3  \\\n",
       "age     1.000000  0.177463  0.200554  0.350859  0.262524  0.221711 -0.106973   \n",
       "sex     0.177463  1.000000  0.098079  0.261508  0.027790  0.134695 -0.394584   \n",
       "bmi     0.200554  0.098079  1.000000  0.397985  0.287829  0.295494 -0.371172   \n",
       "bp      0.350859  0.261508  0.397985  1.000000  0.275224  0.205638 -0.191033   \n",
       "s1      0.262524  0.027790  0.287829  0.275224  1.000000  0.878793  0.015308   \n",
       "s2      0.221711  0.134695  0.295494  0.205638  0.878793  1.000000 -0.197435   \n",
       "s3     -0.106973 -0.394584 -0.371172 -0.191033  0.015308 -0.197435  1.000000   \n",
       "s4      0.221017  0.337524  0.459068  0.280799  0.520674  0.652283 -0.789694   \n",
       "s5      0.265176  0.174625  0.491609  0.396071  0.512864  0.349947 -0.450420   \n",
       "s6      0.296235  0.203277  0.384664  0.381219  0.332173  0.286483 -0.290863   \n",
       "target  0.197822  0.037401  0.561382  0.416241  0.232429  0.195834 -0.410022   \n",
       "\n",
       "              s4        s5        s6    target  \n",
       "age     0.221017  0.265176  0.296235  0.197822  \n",
       "sex     0.337524  0.174625  0.203277  0.037401  \n",
       "bmi     0.459068  0.491609  0.384664  0.561382  \n",
       "bp      0.280799  0.396071  0.381219  0.416241  \n",
       "s1      0.520674  0.512864  0.332173  0.232429  \n",
       "s2      0.652283  0.349947  0.286483  0.195834  \n",
       "s3     -0.789694 -0.450420 -0.290863 -0.410022  \n",
       "s4      1.000000  0.640390  0.413700  0.448931  \n",
       "s5      0.640390  1.000000  0.453023  0.589416  \n",
       "s6      0.413700  0.453023  1.000000  0.350792  \n",
       "target  0.448931  0.589416  0.350792  1.000000  "
      ]
     },
     "execution_count": 19,
     "metadata": {},
     "output_type": "execute_result"
    }
   ],
   "source": [
    "dia_data.corr(method='spearman')"
   ]
  }
 ],
 "metadata": {
  "kernelspec": {
   "display_name": "Python 3 (ipykernel)",
   "language": "python",
   "name": "python3"
  },
  "language_info": {
   "codemirror_mode": {
    "name": "ipython",
    "version": 3
   },
   "file_extension": ".py",
   "mimetype": "text/x-python",
   "name": "python",
   "nbconvert_exporter": "python",
   "pygments_lexer": "ipython3",
   "version": "3.9.12"
  }
 },
 "nbformat": 4,
 "nbformat_minor": 5
}
